0.00,15.00,18.00,22.00,25.00,20.00,11.00
15.00,0.00,32.00,14.00,32.00,32.00,24.00
18.00,32.00,0.00,34.00,20.00,23.00,16.00
22.00,14.00,34.00,0.00,25.00,42.00,33.00
25.00,32.00,20.00,25.00,0.00,41.00,31.00
20.00,32.00,23.00,42.00,41.00,0.00,10.00
11.00,24.00,16.00,33.00,31.00,10.00,0.00
